      0.00000E+00    1.37192E+00    4.87820E-01    1.62694E+00    3.33512E+00    4.87820E-01
      5.25940E-03    1.37195E+00    4.87661E-01    1.62644E+00    3.33518E+00    4.87660E-01
      1.05171E-02    1.37144E+00    4.87498E-01    1.62593E+00    3.33525E+00    4.87496E-01
      1.57751E-02    1.37044E+00    4.87329E-01    1.62540E+00    3.33532E+00    4.87328E-01
      2.10336E-02    1.36975E+00    4.87146E-01    1.62482E+00    3.33538E+00    4.87146E-01
      2.62912E-02    1.36818E+00    4.86939E-01    1.62416E+00    3.33544E+00    4.86943E-01
      3.15459E-02    1.36810E+00    4.86699E-01    1.62338E+00    3.33548E+00    4.86708E-01
      3.67972E-02    1.36758E+00    4.86414E-01    1.62244E+00    3.33552E+00    4.86433E-01
      4.20445E-02    1.36671E+00    4.86074E-01    1.62132E+00    3.33554E+00    4.86107E-01
      4.72874E-02    1.36585E+00    4.85673E-01    1.61998E+00    3.33554E+00    4.85724E-01
      5.25257E-02    1.36546E+00    4.85207E-01    1.61841E+00    3.33552E+00    4.85281E-01
      5.77590E-02    1.36557E+00    4.84673E-01    1.61662E+00    3.33548E+00    4.84777E-01
      6.29874E-02    1.36648E+00    4.84076E-01    1.61460E+00    3.33542E+00    4.84216E-01
      6.82109E-02    1.36601E+00    4.83422E-01    1.61238E+00    3.33534E+00    4.83605E-01
      7.34301E-02    1.36691E+00    4.82722E-01    1.61000E+00    3.33525E+00    4.82955E-01
      7.86452E-02    1.36795E+00    4.81989E-01    1.60751E+00    3.33515E+00    4.82278E-01
      8.38567E-02    1.36868E+00    4.81238E-01    1.60495E+00    3.33504E+00    4.81591E-01
      8.90654E-02    1.36902E+00    4.80485E-01    1.60238E+00    3.33493E+00    4.80909E-01
      9.42717E-02    1.37191E+00    4.79746E-01    1.59986E+00    3.33482E+00    4.80247E-01
      9.94762E-02    1.37343E+00    4.79035E-01    1.59744E+00    3.33471E+00    4.79622E-01
      1.04680E-01    1.37342E+00    4.78365E-01    1.59516E+00    3.33461E+00    4.79045E-01
      1.09882E-01    1.37639E+00    4.77746E-01    1.59305E+00    3.33452E+00    4.78526E-01
      1.15085E-01    1.37797E+00    4.77187E-01    1.59115E+00    3.33444E+00    4.78074E-01
      1.20287E-01    1.37857E+00    4.76692E-01    1.58947E+00    3.33437E+00    4.77692E-01
      1.25490E-01    1.38009E+00    4.76264E-01    1.58802E+00    3.33432E+00    4.77383E-01
      1.30694E-01    1.38148E+00    4.75902E-01    1.58679E+00    3.33429E+00    4.77144E-01
      1.35896E-01    1.38278E+00    4.75604E-01    1.58579E+00    3.33427E+00    4.76974E-01
      1.41098E-01    1.38278E+00    4.75366E-01    1.58500E+00    3.33427E+00    4.76866E-01
      1.46299E-01    1.38304E+00    4.75181E-01    1.58439E+00    3.33428E+00    4.76812E-01
      1.51499E-01    1.38329E+00    4.75044E-01    1.58394E+00    3.33430E+00    4.76806E-01
      1.56698E-01    1.38381E+00    4.74946E-01    1.58363E+00    3.33434E+00    4.76837E-01
      1.61896E-01    1.38317E+00    4.74881E-01    1.58344E+00    3.33439E+00    4.76896E-01
      1.67092E-01    1.38158E+00    4.74839E-01    1.58333E+00    3.33445E+00    4.76976E-01
      1.72288E-01    1.37906E+00    4.74815E-01    1.58328E+00    3.33453E+00    4.77066E-01
      1.77484E-01    1.37670E+00    4.74801E-01    1.58327E+00    3.33461E+00    4.77158E-01
      1.82679E-01    1.37470E+00    4.74791E-01    1.58328E+00    3.33470E+00    4.77246E-01
      1.87874E-01    1.37144E+00    4.74778E-01    1.58329E+00    3.33479E+00    4.77323E-01
      1.93069E-01    1.36653E+00    4.74760E-01    1.58327E+00    3.33489E+00    4.77384E-01
      1.98265E-01    1.35989E+00    4.74731E-01    1.58323E+00    3.33500E+00    4.77425E-01
      2.03461E-01    1.35866E+00    4.74688E-01    1.58313E+00    3.33511E+00    4.77441E-01
      2.08658E-01    1.36902E+00    4.74629E-01    1.58299E+00    3.33522E+00    4.77432E-01
      2.13856E-01    1.37866E+00    4.74552E-01    1.58279E+00    3.33534E+00    4.77394E-01
      2.19055E-01    1.38666E+00    4.74456E-01    1.58253E+00    3.33546E+00    4.77329E-01
      2.24253E-01    1.39514E+00    4.74341E-01    1.58220E+00    3.33559E+00    4.77235E-01
      2.29452E-01    1.40303E+00    4.74206E-01    1.58182E+00    3.33571E+00    4.77113E-01
      2.34649E-01    1.40911E+00    4.74054E-01    1.58137E+00    3.33584E+00    4.76966E-01
      2.39847E-01    1.41369E+00    4.73883E-01    1.58086E+00    3.33597E+00    4.76793E-01
      2.45044E-01    1.41830E+00    4.73695E-01    1.58030E+00    3.33610E+00    4.76598E-01
      0.00000E+00    1.41833E+00    4.87756E-01    1.62672E+00    3.33512E+00    4.87756E-01
      5.24929E-03    1.41831E+00    4.87555E-01    1.62609E+00    3.33520E+00    4.87552E-01
      0.00000E+00    1.37192E+00    4.87820E-01    1.62694E+00    3.33512E+00    4.87820E-01
      5.25940E-03    1.37195E+00    4.87661E-01    1.62644E+00    3.33518E+00    4.87660E-01
      1.05171E-02    1.37144E+00    4.87498E-01    1.62593E+00    3.33525E+00    4.87496E-01
      0.00000E+00    1.29035E+00    4.87790E-01    1.62684E+00    3.33512E+00    4.87790E-01
      5.25194E-03    1.28967E+00    4.87610E-01    1.62627E+00    3.33519E+00    4.87609E-01
      1.05002E-02    1.28876E+00    4.87438E-01    1.62573E+00    3.33526E+00    4.87433E-01
      1.57512E-02    1.28803E+00    4.87259E-01    1.62517E+00    3.33533E+00    4.87252E-01
      0.00000E+00    1.29035E+00    4.87790E-01    1.62684E+00    3.33512E+00    4.87790E-01
      0.00000E+00    1.29035E+00    4.87790E-01    1.62684E+00    3.33512E+00    4.87790E-01
      5.25194E-03    1.28967E+00    4.87610E-01    1.62627E+00    3.33519E+00    4.87609E-01
      1.05002E-02    1.28876E+00    4.87438E-01    1.62573E+00    3.33526E+00    4.87433E-01
      1.57512E-02    1.28803E+00    4.87259E-01    1.62517E+00    3.33533E+00    4.87252E-01
      0.00000E+00    1.40117E+00    4.87811E-01    1.62691E+00    3.33512E+00    4.87811E-01
      5.25186E-03    1.40047E+00    4.87648E-01    1.62640E+00    3.33519E+00    4.87647E-01
      1.05017E-02    1.40015E+00    4.87486E-01    1.62589E+00    3.33526E+00    4.87485E-01
      0.00000E+00    1.41401E+00    4.87816E-01    1.62692E+00    3.33512E+00    4.87816E-01
      0.00000E+00    1.41401E+00    4.87816E-01    1.62692E+00    3.33512E+00    4.87816E-01
      5.25625E-03    1.41278E+00    4.87656E-01    1.62642E+00    3.33518E+00    4.87655E-01
      1.05091E-02    1.41244E+00    4.87491E-01    1.62591E+00    3.33525E+00    4.87489E-01
      0.00000E+00    1.41401E+00    4.87816E-01    1.62692E+00    3.33512E+00    4.87816E-01
      1.57652E-02    1.41157E+00    4.87321E-01    1.62537E+00    3.33532E+00    4.87318E-01
      5.25625E-03    1.41278E+00    4.87656E-01    1.62642E+00    3.33518E+00    4.87655E-01
      1.05091E-02    1.41244E+00    4.87491E-01    1.62591E+00    3.33525E+00    4.87489E-01
      1.57652E-02    1.41157E+00    4.87321E-01    1.62537E+00    3.33532E+00    4.87318E-01
      2.10224E-02    1.41090E+00    4.87136E-01    1.62478E+00    3.33538E+00    4.87133E-01
      2.62797E-02    1.41060E+00    4.86927E-01    1.62412E+00    3.33544E+00    4.86927E-01
      3.15356E-02    1.40981E+00    4.86684E-01    1.62333E+00    3.33548E+00    4.86688E-01
      0.00000E+00    1.41401E+00    4.87816E-01    1.62692E+00    3.33512E+00    4.87816E-01
      3.67886E-02    1.40974E+00    4.86396E-01    1.62238E+00    3.33552E+00    4.86409E-01
      5.25625E-03    1.41278E+00    4.87656E-01    1.62642E+00    3.33518E+00    4.87655E-01
      1.05091E-02    1.41244E+00    4.87491E-01    1.62591E+00    3.33525E+00    4.87489E-01
      0.00000E+00    1.41401E+00    4.87816E-01    1.62692E+00    3.33512E+00    4.87816E-01
      5.25625E-03    1.41278E+00    4.87656E-01    1.62642E+00    3.33518E+00    4.87655E-01
      0.00000E+00    1.41401E+00    4.87816E-01    1.62692E+00    3.33512E+00    4.87816E-01
      0.00000E+00    1.41401E+00    4.87816E-01    1.62692E+00    3.33512E+00    4.87816E-01
      5.25625E-03    1.41278E+00    4.87656E-01    1.62642E+00    3.33518E+00    4.87655E-01
      1.05091E-02    1.41244E+00    4.87491E-01    1.62591E+00    3.33525E+00    4.87489E-01
      0.00000E+00    1.40117E+00    4.87811E-01    1.62691E+00    3.33512E+00    4.87811E-01
      5.25186E-03    1.40047E+00    4.87648E-01    1.62640E+00    3.33519E+00    4.87647E-01
      0.00000E+00    1.40117E+00    4.87811E-01    1.62691E+00    3.33512E+00    4.87811E-01
