    0.000000E+0000  0.187089E-0001  0.486013E+0000  0.626819E+0000  0.140041E+0000  0.133596E+0000  0.601039E+0001  0.564561E+0001
    0.525940E-0002  0.187389E-0001  0.487425E+0000  0.626761E+0000  0.139816E+0000  0.134025E+0000  0.604538E+0001  0.567676E+0001
    0.105171E-0001  0.187455E-0001  0.487619E+0000  0.626618E+0000  0.139767E+0000  0.134120E+0000  0.605018E+0001  0.567949E+0001
    0.157751E-0001  0.187439E-0001  0.487376E+0000  0.626399E+0000  0.139779E+0000  0.134097E+0000  0.604415E+0001  0.567197E+0001
    0.210336E-0001  0.187379E-0001  0.486888E+0000  0.626115E+0000  0.139824E+0000  0.134011E+0000  0.603206E+0001  0.565861E+0001
    0.262912E-0001  0.187290E-0001  0.486229E+0000  0.625783E+0000  0.139890E+0000  0.133884E+0000  0.601575E+0001  0.564101E+0001
    0.315459E-0001  0.187183E-0001  0.485442E+0000  0.625418E+0000  0.139970E+0000  0.133731E+0000  0.599629E+0001  0.562006E+0001
    0.367972E-0001  0.187067E-0001  0.484560E+0000  0.625037E+0000  0.140057E+0000  0.133565E+0000  0.597451E+0001  0.559642E+0001
    0.420445E-0001  0.186948E-0001  0.483608E+0000  0.624657E+0000  0.140146E+0000  0.133395E+0000  0.595106E+0001  0.557060E+0001
    0.472874E-0001  0.186831E-0001  0.482607E+0000  0.624289E+0000  0.140233E+0000  0.133229E+0000  0.592644E+0001  0.554298E+0001
    0.525257E-0001  0.186720E-0001  0.481568E+0000  0.623944E+0000  0.140317E+0000  0.133071E+0000  0.590095E+0001  0.551380E+0001
    0.577590E-0001  0.186616E-0001  0.480494E+0000  0.623627E+0000  0.140395E+0000  0.132922E+0000  0.587466E+0001  0.548314E+0001
    0.629874E-0001  0.186516E-0001  0.479378E+0000  0.623336E+0000  0.140471E+0000  0.132779E+0000  0.584741E+0001  0.545088E+0001
    0.682109E-0001  0.186415E-0001  0.478205E+0000  0.623067E+0000  0.140546E+0000  0.132636E+0000  0.581882E+0001  0.541678E+0001
    0.734301E-0001  0.186308E-0001  0.476952E+0000  0.622810E+0000  0.140627E+0000  0.132484E+0000  0.578838E+0001  0.538050E+0001
    0.786452E-0001  0.186188E-0001  0.475596E+0000  0.622551E+0000  0.140718E+0000  0.132312E+0000  0.575550E+0001  0.534165E+0001
    0.838567E-0001  0.186045E-0001  0.474112E+0000  0.622275E+0000  0.140826E+0000  0.132110E+0000  0.571966E+0001  0.529994E+0001
    0.890654E-0001  0.185874E-0001  0.472484E+0000  0.621967E+0000  0.140956E+0000  0.131867E+0000  0.568044E+0001  0.525519E+0001
    0.942717E-0001  0.185669E-0001  0.470701E+0000  0.621612E+0000  0.141111E+0000  0.131576E+0000  0.563763E+0001  0.520738E+0001
    0.994762E-0001  0.185426E-0001  0.468760E+0000  0.621196E+0000  0.141296E+0000  0.131232E+0000  0.559124E+0001  0.515670E+0001
    0.104680E+0000  0.185144E-0001  0.466668E+0000  0.620710E+0000  0.141511E+0000  0.130834E+0000  0.554145E+0001  0.510348E+0001
    0.109882E+0000  0.184824E-0001  0.464439E+0000  0.620147E+0000  0.141757E+0000  0.130381E+0000  0.548865E+0001  0.504818E+0001
    0.115085E+0000  0.184466E-0001  0.462092E+0000  0.619503E+0000  0.142031E+0000  0.129877E+0000  0.543332E+0001  0.499132E+0001
    0.120287E+0000  0.184075E-0001  0.459649E+0000  0.618780E+0000  0.142333E+0000  0.129327E+0000  0.537601E+0001  0.493346E+0001
    0.125490E+0000  0.183654E-0001  0.457132E+0000  0.617980E+0000  0.142659E+0000  0.128736E+0000  0.531729E+0001  0.487511E+0001
    0.130694E+0000  0.183208E-0001  0.454563E+0000  0.617110E+0000  0.143007E+0000  0.128112E+0000  0.525769E+0001  0.481676E+0001
    0.135896E+0000  0.182741E-0001  0.451962E+0000  0.616178E+0000  0.143372E+0000  0.127459E+0000  0.519771E+0001  0.475880E+0001
    0.141098E+0000  0.182258E-0001  0.449348E+0000  0.615193E+0000  0.143753E+0000  0.126786E+0000  0.513775E+0001  0.470154E+0001
    0.146299E+0000  0.181762E-0001  0.446733E+0000  0.614164E+0000  0.144145E+0000  0.126096E+0000  0.507813E+0001  0.464519E+0001
    0.151499E+0000  0.181256E-0001  0.444129E+0000  0.613101E+0000  0.144547E+0000  0.125397E+0000  0.501909E+0001  0.458990E+0001
    0.156698E+0000  0.180745E-0001  0.441543E+0000  0.612015E+0000  0.144955E+0000  0.124691E+0000  0.496081E+0001  0.453572E+0001
    0.161896E+0000  0.180231E-0001  0.438979E+0000  0.610912E+0000  0.145369E+0000  0.123982E+0000  0.490338E+0001  0.448266E+0001
    0.167092E+0000  0.179715E-0001  0.436441E+0000  0.609802E+0000  0.145786E+0000  0.123273E+0000  0.484684E+0001  0.443066E+0001
    0.172288E+0000  0.179200E-0001  0.433928E+0000  0.608689E+0000  0.146205E+0000  0.122567E+0000  0.479117E+0001  0.437965E+0001
    0.177484E+0000  0.178686E-0001  0.431438E+0000  0.607580E+0000  0.146626E+0000  0.121865E+0000  0.473636E+0001  0.432952E+0001
    0.182679E+0000  0.178173E-0001  0.428970E+0000  0.606479E+0000  0.147048E+0000  0.121167E+0000  0.468233E+0001  0.428015E+0001
    0.187874E+0000  0.177664E-0001  0.426521E+0000  0.605388E+0000  0.147469E+0000  0.120475E+0000  0.462902E+0001  0.423143E+0001
    0.193069E+0000  0.177157E-0001  0.424089E+0000  0.604309E+0000  0.147891E+0000  0.119789E+0000  0.457637E+0001  0.418327E+0001
    0.198265E+0000  0.176654E-0001  0.421669E+0000  0.603243E+0000  0.148313E+0000  0.119109E+0000  0.452430E+0001  0.413555E+0001
    0.203461E+0000  0.176153E-0001  0.419260E+0000  0.602190E+0000  0.148734E+0000  0.118435E+0000  0.447274E+0001  0.408818E+0001
    0.208658E+0000  0.175656E-0001  0.416858E+0000  0.601150E+0000  0.149155E+0000  0.117767E+0000  0.442164E+0001  0.404111E+0001
    0.213856E+0000  0.175161E-0001  0.414461E+0000  0.600121E+0000  0.149576E+0000  0.117105E+0000  0.437093E+0001  0.399426E+0001
    0.219055E+0000  0.174669E-0001  0.412067E+0000  0.599101E+0000  0.149998E+0000  0.116448E+0000  0.432059E+0001  0.394760E+0001
    0.224253E+0000  0.174180E-0001  0.409675E+0000  0.598090E+0000  0.150420E+0000  0.115796E+0000  0.427057E+0001  0.390110E+0001
    0.229452E+0000  0.173692E-0001  0.407283E+0000  0.597085E+0000  0.150842E+0000  0.115148E+0000  0.422086E+0001  0.385474E+0001
    0.234649E+0000  0.173206E-0001  0.404892E+0000  0.596083E+0000  0.151265E+0000  0.114504E+0000  0.417143E+0001  0.380851E+0001
    0.239847E+0000  0.172721E-0001  0.402498E+0000  0.595084E+0000  0.151690E+0000  0.113864E+0000  0.412226E+0001  0.376241E+0001
    0.245044E+0000  0.172237E-0001  0.400103E+0000  0.594084E+0000  0.152116E+0000  0.113227E+0000  0.407335E+0001  0.371645E+0001
    0.000000E+0000  0.183763E-0001  0.468809E+0000  0.626716E+0000  0.142575E+0000  0.128888E+0000  0.559242E+0001  0.525215E+0001
    0.524929E-0002  0.186298E-0001  0.481662E+0000  0.626912E+0000  0.140635E+0000  0.132469E+0000  0.590325E+0001  0.554210E+0001
    0.000000E+0000  0.187089E-0001  0.486013E+0000  0.626819E+0000  0.140041E+0000  0.133596E+0000  0.601039E+0001  0.564561E+0001
    0.525940E-0002  0.187389E-0001  0.487425E+0000  0.626761E+0000  0.139816E+0000  0.134025E+0000  0.604538E+0001  0.567676E+0001
    0.105171E-0001  0.187455E-0001  0.487619E+0000  0.626618E+0000  0.139767E+0000  0.134120E+0000  0.605018E+0001  0.567949E+0001
    0.000000E+0000  0.185535E-0001  0.477940E+0000  0.626767E+0000  0.141213E+0000  0.131387E+0000  0.581238E+0001  0.545921E+0001
    0.525194E-0002  0.186912E-0001  0.484898E+0000  0.626922E+0000  0.140173E+0000  0.133344E+0000  0.598285E+0001  0.561746E+0001
    0.105002E-0001  0.187290E-0001  0.486702E+0000  0.626967E+0000  0.139890E+0000  0.133884E+0000  0.602745E+0001  0.565746E+0001
    0.157512E-0001  0.187390E-0001  0.487054E+0000  0.626924E+0000  0.139815E+0000  0.134027E+0000  0.603617E+0001  0.566369E+0001
    0.000000E+0000  0.185535E-0001  0.477940E+0000  0.626767E+0000  0.141213E+0000  0.131387E+0000  0.581238E+0001  0.545921E+0001
    0.000000E+0000  0.185535E-0001  0.477940E+0000  0.626767E+0000  0.141213E+0000  0.131387E+0000  0.581238E+0001  0.545921E+0001
    0.525194E-0002  0.186912E-0001  0.484898E+0000  0.626922E+0000  0.140173E+0000  0.133344E+0000  0.598285E+0001  0.561746E+0001
    0.105002E-0001  0.187290E-0001  0.486702E+0000  0.626967E+0000  0.139890E+0000  0.133884E+0000  0.602745E+0001  0.565746E+0001
    0.157512E-0001  0.187390E-0001  0.487054E+0000  0.626924E+0000  0.139815E+0000  0.134027E+0000  0.603617E+0001  0.566369E+0001
    0.000000E+0000  0.186836E-0001  0.484692E+0000  0.626801E+0000  0.140230E+0000  0.133236E+0000  0.597776E+0001  0.561483E+0001
    0.525186E-0002  0.187471E-0001  0.487840E+0000  0.626924E+0000  0.139755E+0000  0.134142E+0000  0.605566E+0001  0.568626E+0001
    0.105017E-0001  0.187632E-0001  0.488526E+0000  0.626958E+0000  0.139635E+0000  0.134373E+0000  0.607270E+0001  0.570049E+0001
    0.000000E+0000  0.186979E-0001  0.485439E+0000  0.626814E+0000  0.140123E+0000  0.133439E+0000  0.599620E+0001  0.563223E+0001
    0.000000E+0000  0.186979E-0001  0.485439E+0000  0.626814E+0000  0.140123E+0000  0.133439E+0000  0.599620E+0001  0.563223E+0001
    0.525625E-0002  0.187420E-0001  0.487581E+0000  0.627047E+0000  0.139793E+0000  0.134069E+0000  0.604924E+0001  0.568033E+0001
    0.105091E-0001  0.187542E-0001  0.488063E+0000  0.627194E+0000  0.139702E+0000  0.134244E+0000  0.606121E+0001  0.568976E+0001
    0.000000E+0000  0.186979E-0001  0.485439E+0000  0.626814E+0000  0.140123E+0000  0.133439E+0000  0.599620E+0001  0.563223E+0001
    0.157652E-0001  0.187559E-0001  0.487993E+0000  0.627266E+0000  0.139689E+0000  0.134269E+0000  0.605946E+0001  0.568625E+0001
    0.525625E-0002  0.187420E-0001  0.487581E+0000  0.627047E+0000  0.139793E+0000  0.134069E+0000  0.604924E+0001  0.568033E+0001
    0.105091E-0001  0.187542E-0001  0.488063E+0000  0.627194E+0000  0.139702E+0000  0.134244E+0000  0.606121E+0001  0.568976E+0001
    0.157652E-0001  0.187559E-0001  0.487993E+0000  0.627266E+0000  0.139689E+0000  0.134269E+0000  0.605946E+0001  0.568625E+0001
    0.210224E-0001  0.187525E-0001  0.487639E+0000  0.627275E+0000  0.139715E+0000  0.134220E+0000  0.605068E+0001  0.567596E+0001
    0.262797E-0001  0.187459E-0001  0.487097E+0000  0.627235E+0000  0.139764E+0000  0.134126E+0000  0.603723E+0001  0.566101E+0001
    0.315356E-0001  0.187374E-0001  0.486418E+0000  0.627163E+0000  0.139827E+0000  0.134004E+0000  0.602041E+0001  0.564250E+0001
    0.000000E+0000  0.186979E-0001  0.485439E+0000  0.626814E+0000  0.140123E+0000  0.133439E+0000  0.599620E+0001  0.563223E+0001
    0.367886E-0001  0.187279E-0001  0.485639E+0000  0.627076E+0000  0.139899E+0000  0.133867E+0000  0.600114E+0001  0.562116E+0001
    0.525625E-0002  0.187420E-0001  0.487581E+0000  0.627047E+0000  0.139793E+0000  0.134069E+0000  0.604924E+0001  0.568033E+0001
    0.105091E-0001  0.187542E-0001  0.488063E+0000  0.627194E+0000  0.139702E+0000  0.134244E+0000  0.606121E+0001  0.568976E+0001
    0.000000E+0000  0.186979E-0001  0.485439E+0000  0.626814E+0000  0.140123E+0000  0.133439E+0000  0.599620E+0001  0.563223E+0001
    0.525625E-0002  0.187420E-0001  0.487581E+0000  0.627047E+0000  0.139793E+0000  0.134069E+0000  0.604924E+0001  0.568033E+0001
    0.000000E+0000  0.186979E-0001  0.485439E+0000  0.626814E+0000  0.140123E+0000  0.133439E+0000  0.599620E+0001  0.563223E+0001
    0.000000E+0000  0.186979E-0001  0.485439E+0000  0.626814E+0000  0.140123E+0000  0.133439E+0000  0.599620E+0001  0.563223E+0001
    0.525625E-0002  0.187420E-0001  0.487581E+0000  0.627047E+0000  0.139793E+0000  0.134069E+0000  0.604924E+0001  0.568033E+0001
    0.105091E-0001  0.187542E-0001  0.488063E+0000  0.627194E+0000  0.139702E+0000  0.134244E+0000  0.606121E+0001  0.568976E+0001
    0.000000E+0000  0.186836E-0001  0.484692E+0000  0.626801E+0000  0.140230E+0000  0.133236E+0000  0.597776E+0001  0.561483E+0001
    0.525186E-0002  0.187471E-0001  0.487840E+0000  0.626924E+0000  0.139755E+0000  0.134142E+0000  0.605566E+0001  0.568626E+0001
    0.000000E+0000  0.186836E-0001  0.484692E+0000  0.626801E+0000  0.140230E+0000  0.133236E+0000  0.597776E+0001  0.561483E+0001
